
[(0,1)]
[(0,2)] [(0,1)] [(1,2)]
[(0,2),(1,3)] [(0,1),(2,3)] [(1,2)]
[(0,3),(1,4)] [(0,2),(1,3)] [(0,1),(2,4)] [(1,2),(3,4)] [(2,3)]
[(0,5),(1,3),(2,4)] [(1,2),(3,4)] [(0,3),(2,5)] [(0,1),(2,3),(4,5)] [(1,2),(3,4)]
[(0,6),(2,3),(4,5)][(0,2),(1,4),(3,6)][(0,1),(2,5),(3,4)][(1,2),(4,6)][(2,3),(4,5)][(1,2),(3,4),(5,6)]
[(0,2),(1,3),(4,6),(5,7)][(0,4),(1,5),(2,6),(3,7)][(0,1),(2,3),(4,5),(6,7)][(2,4),(3,5)][(1,4),(3,6)][(1,2),(3,4),(5,6)]
[(0,3),(1,7),(2,5),(4,8)][(0,7),(2,4),(3,8),(5,6)][(0,2),(1,3),(4,5),(7,8)][(1,4),(3,6),(5,7)][(0,1),(2,4),(3,5),(6,8)][(2,3),(4,5),(6,7)][(1,2),(3,4),(5,6)]
[(0,8),(1,9),(2,7),(3,5),(4,6)][(0,2),(1,4),(5,8),(7,9)][(0,3),(2,4),(5,7),(6,9)][(0,1),(3,6),(8,9)][(1,5),(2,3),(4,8),(6,7)][(1,2),(3,5),(4,6),(7,8)][(2,3),(4,5),(6,7)][(3,4),(5,6)]
[(0,9),(1,6),(2,4),(3,7),(5,8)][(0,1),(3,5),(4,10),(6,9),(7,8)][(1,3),(2,5),(4,7),(8,10)][(0,4),(1,2),(3,7),(5,9),(6,8)][(0,1),(2,6),(4,5),(7,8),(9,10)][(2,4),(3,6),(5,7),(8,9)][(1,2),(3,4),(5,6),(7,8)][(2,3),(4,5),(6,7)]
[(0,8),(1,7),(2,6),(3,11),(4,10),(5,9)][(0,2),(1,4),(3,5),(6,8),(7,10),(9,11)][(0,1),(2,9),(4,7),(5,6),(10,11)][(1,3),(2,7),(4,9),(8,10)][(0,1),(2,3),(4,5),(6,7),(8,9),(10,11)][(1,2),(3,5),(6,8),(9,10)][(2,4),(3,6),(5,8),(7,9)][(1,2),(3,4),(5,6),(7,8),(9,10)]
[(0,11),(1,7),(2,4),(3,5),(8,9),(10,12)][(0,2),(3,6),(4,12),(5,7),(8,10)][(0,8),(1,3),(2,5),(4,9),(6,11),(7,12)][(0,1),(2,10),(3,8),(4,6),(9,11)][(1,3),(2,4),(5,10),(6,8),(7,9),(11,12)][(1,2),(3,4),(5,8),(6,9),(7,10)][(2,3),(4,7),(5,6),(8,11),(9,10)][(4,5),(6,7),(8,9),(10,11)][(3,4),(5,6),(7,8),(9,10)]
[(0,1),(2,3),(4,5),(6,7),(8,9),(10,11),(12,13)][(0,2),(1,3),(4,8),(5,9),(10,12),(11,13)][(0,10),(1,6),(2,11),(3,13),(5,8),(7,12)][(1,4),(2,8),(3,6),(5,11),(7,10),(9,12)][(0,1),(3,9),(4,10),(5,7),(6,8),(12,13)][(1,5),(2,4),(3,7),(6,10),(8,12),(9,11)][(1,2),(3,5),(4,6),(7,9),(8,10),(11,12)][(2,3),(4,5),(6,7),(8,9),(10,11)][(3,4),(5,6),(7,8),(9,10)]
[(0,6),(1,10),(2,14),(3,9),(4,12),(5,13),(7,11)][(0,7),(2,5),(3,4),(6,11),(8,10),(9,12),(13,14)][(1,13),(2,3),(4,6),(5,9),(7,8),(10,14),(11,12)][(0,3),(1,4),(5,7),(6,13),(8,9),(10,11),(12,14)][(0,2),(1,5),(3,8),(4,6),(7,10),(9,11),(12,13)][(0,1),(2,5),(3,10),(4,8),(6,7),(9,12),(11,13)][(1,2),(3,4),(5,6),(7,9),(8,10),(11,12)][(3,5),(4,6),(7,8),(9,10)][(2,3),(4,5),(6,7),(8,9),(10,11)]
[(0,5),(1,4),(2,12),(3,13),(6,7),(8,9),(10,15),(11,14)][(0,2),(1,10),(3,6),(4,7),(5,14),(8,11),(9,12),(13,15)][(0,8),(1,3),(2,11),(4,13),(5,9),(6,10),(7,15),(12,14)][(0,1),(2,4),(3,8),(5,6),(7,12),(9,10),(11,13),(14,15)][(1,3),(2,5),(4,8),(6,9),(7,11),(10,13),(12,14)][(1,2),(3,5),(4,11),(6,8),(7,9),(10,12),(13,14)][(2,3),(4,5),(6,7),(8,9),(10,11),(12,13)][(4,6),(5,7),(8,10),(9,11)][(3,4),(5,6),(7,8),(9,10),(11,12)]
[(1,2),(3,4),(5,6),(7,8),(9,10),(11,12),(13,14),(15,16)][(1,3),(2,4),(5,7),(6,8),(9,11),(10,12),(13,15),(14,16)][(1,5),(2,6),(3,7),(4,8),(9,13),(10,14),(11,15),(12,16)][(0,3),(1,13),(2,10),(4,7),(5,11),(6,12),(8,9),(14,15)][(0,13),(1,8),(2,5),(3,6),(4,14),(7,15),(9,16),(10,11)][(0,1),(2,8),(3,4),(5,10),(6,13),(7,11),(12,14)][(1,5),(3,8),(4,10),(6,7),(9,12),(11,13)][(1,2),(4,6),(5,8),(7,10),(9,11),(12,14),(13,15)][(2,3),(4,5),(6,8),(7,9),(10,11),(12,13),(14,15)][(3,4),(5,6),(7,8),(9,10),(11,12),(13,14),(15,16)]
[(0,6),(1,10),(2,15),(3,5),(4,9),(7,16),(8,13),(11,17),(12,14)][(0,12),(1,4),(3,11),(5,17),(6,14),(7,8),(9,10),(13,16)][(1,13),(2,7),(4,16),(6,9),(8,11),(10,15)][(0,1),(2,3),(4,12),(5,13),(7,9),(8,10),(14,15),(16,17)][(0,2),(1,11),(3,4),(5,7),(6,16),(10,12),(13,14),(15,17)][(1,8),(4,10),(5,6),(7,13),(9,16),(11,12)][(1,3),(2,5),(4,7),(6,8),(9,11),(10,13),(12,15),(14,16)][(1,2),(3,5),(4,6),(7,9),(8,10),(11,13),(12,14),(15,16)][(2,3),(5,8),(6,7),(9,12),(10,11),(14,15)][(3,4),(5,6),(7,8),(9,10),(11,12),(13,14)][(4,5),(6,7),(8,9),(10,11),(12,13)]
[(0,1),(2,3),(4,5),(6,7),(8,10),(11,12),(13,14),(15,16),(17,18)][(0,2),(1,3),(4,6),(5,7),(8,9),(11,13),(12,14),(15,17),(16,18)][(0,4),(1,5),(2,6),(3,7),(9,10),(11,15),(12,16),(13,17),(14,18)][(0,11),(1,8),(2,13),(3,17),(4,10),(5,6),(9,16),(12,15)][(1,2),(3,13),(4,12),(5,14),(6,16),(7,10),(8,15)][(0,1),(2,11),(3,9),(5,12),(6,15),(7,13),(10,18),(14,17)][(1,4),(3,8),(5,11),(6,9),(7,12),(10,13),(14,15),(16,17)][(2,4),(3,5),(6,7),(8,11),(9,12),(10,14),(13,15)][(2,3),(4,5),(6,8),(7,9),(10,11),(12,14),(13,16),(15,17)][(1,2),(4,6),(5,8),(7,10),(9,11),(12,13),(14,16)][(3,4),(5,6),(7,8),(9,10),(11,12),(13,14),(15,16)]
[(0,12),(1,13),(2,14),(3,15),(4,16),(5,17),(6,18),(7,19),(8,10),(9,11)][(0,2),(1,3),(4,6),(5,7),(8,9),(10,11),(12,14),(13,15),(16,18),(17,19)][(0,1),(2,3),(4,5),(6,7),(12,13),(14,15),(16,17),(18,19)][(0,4),(1,12),(2,16),(3,17),(5,8),(6,9),(7,18),(10,13),(11,14),(15,19)][(1,6),(3,10),(4,5),(7,11),(8,12),(9,16),(13,18),(14,15)][(0,4),(2,8),(3,9),(6,7),(10,16),(11,17),(12,13),(15,19)][(1,4),(3,6),(5,8),(7,10),(9,12),(11,14),(13,16),(15,18)][(2,3),(4,5),(6,8),(7,9),(10,12),(11,13),(14,15),(16,17)][(2,4),(3,6),(5,7),(8,10),(9,11),(12,14),(13,16),(15,17)][(1,2),(3,5),(6,7),(8,9),(10,11),(12,13),(14,16),(17,18)][(3,4),(5,6),(7,8),(9,10),(11,12),(13,14),(15,16)]
[(0,7),(1,10),(3,5),(4,8),(6,13),(9,19),(11,14),(12,17),(15,16),(18,20)][(0,11),(1,15),(2,12),(3,4),(5,8),(6,9),(7,14),(10,16),(13,19),(17,20)][(0,6),(1,3),(2,18),(4,15),(5,10),(8,16),(11,17),(12,13),(14,20)][(2,6),(5,12),(7,18),(8,14),(9,11),(10,17),(13,19),(16,20)][(1,2),(4,7),(5,9),(6,17),(10,13),(11,12),(14,19),(15,18)][(0,2),(3,6),(4,5),(7,10),(8,11),(9,15),(12,16),(13,18),(14,17),(19,20)][(0,1),(2,3),(5,9),(6,12),(7,8),(11,14),(13,15),(16,19),(17,18)][(1,2),(3,9),(6,13),(10,11),(12,15),(16,17),(18,19)][(1,4),(2,5),(3,7),(6,10),(8,9),(11,12),(13,14),(17,18)][(2,4),(5,6),(7,8),(9,11),(10,13),(12,15),(14,16)][(3,4),(5,7),(6,8),(9,10),(11,13),(12,14),(15,16)][(4,5),(6,7),(8,9),(10,11),(12,13),(14,15),(16,17)]